1,3217,3218,0,null,null,2;256;1197;
2,3224,3218,0,null,null,1;3;1197;
3,3232,3218,0,null,null,2;4;5;308;1197;
4,3236,3224,0,null,null,3;5;16;
5,3232,3230,0,null,null,4;3;6;
6,3226,3236,0,null,null,5;7;1763;
7,3220,3244,0,null,null,6;8;262;1763;
8,3218,3252,0,null,null,7;9;26;262;
9,3215,3262,0,null,null,8;10;26;262;
10,3215,3268,0,null,null,9;11;
11,3212,3277,0,null,null,10;12;13;
12,3206,3279,0,null,null,11;13;1165;
13,3200,3279,0,null,null,12;11;14;1165;
14,3189,3282,0,null,null,13;15;266;1162;1165;
15,3182,3286,0,null,null,14;266;276;1162;
16,3246,3224,0,null,null,4;17;18;
17,3252,3226,0,null,null,16;18;19;20;
18,3258,3228,0,null,null,17;16;19;20;1694;
19,3264,3228,0,null,null,18;17;20;1694;
20,3258,3234,0,null,null,19;17;18;21;1694;
21,3257,3244,0,null,null,20;22;
22,3252,3249,0,null,null,21;23;
23,3250,3258,0,null,null,22;24;27;1183;1744;
24,3244,3260,0,null,null,23;25;27;1183;1744;
25,3236,3261,0,null,null,24;26;1744;
26,3226,3260,0,null,null,25;8;9;
27,3249,3266,0,null,null,23;24;28;1183;
28,3245,3274,0,null,null,27;29;1183;
29,3238,3282,0,null,null,28;30;
30,3239,3292,0,null,null,29;31;1169;
31,3239,3302,0,null,null,30;32;33;1169;
32,3234,3308,0,null,null,31;33;35;1395;
33,3242,3309,0,null,null,32;31;34;
34,3249,3315,0,null,null,33;56;
35,3226,3308,0,null,null,32;36;1395;
36,3222,3316,0,null,null,35;37;38;
37,3220,3320,0,null,null,36;38;
38,3216,3326,0,null,null,37;36;39;
39,3211,3332,0,null,null,38;40;
40,3207,3339,0,null,null,39;41;
41,3204,3347,0,null,null,40;42;
42,3206,3356,0,null,null,41;43;44;
43,3212,3359,0,null,null,42;44;86;
44,3218,3359,0,null,null,43;42;45;86;
45,3225,3354,0,null,null,44;46;
46,3226,3348,0,null,null,45;47;48;
47,3226,3340,0,null,null,46;48;49;
48,3230,3336,0,null,null,47;46;49;50;
49,3236,3336,0,null,null,48;47;50;
50,3244,3336,0,null,null,49;48;51;
51,3250,3334,0,null,null,50;52;
52,3258,3333,0,null,null,51;53;54;55;56;
53,3264,3333,0,null,null,52;54;55;
54,3268,3330,0,null,null,53;52;55;57;
55,3266,3324,0,null,null,54;52;53;56;
56,3256,3322,0,null,null,55;34;52;
57,3280,3332,0,null,null,54;58;319;347;1192;
58,3290,3335,0,null,null,57;59;1192;
59,3297,3333,0,null,null,58;60;71;
60,3304,3336,0,null,null,59;61;71;
61,3312,3331,0,null,null,60;62;
62,3320,3332,0,null,null,61;63;
63,3331,3332,0,null,null,62;64;
64,3334,3340,0,null,null,63;65;66;
65,3333,3347,0,null,null,64;66;67;68;
66,3340,3348,0,null,null,65;64;67;68;
67,3346,3346,0,null,null,66;65;
68,3334,3356,0,null,null,65;66;69;
69,3339,3363,0,null,null,68;70;
70,3346,3366,0,null,null,69;
71,3301,3344,0,null,null,59;60;72;73;
72,3302,3352,0,null,null,71;73;74;
73,3299,3356,0,null,null,72;71;74;
74,3297,3362,0,null,null,73;72;75;
75,3294,3370,0,null,null,74;76;125;
76,3285,3372,0,null,null,75;77;125;
77,3277,3372,0,null,null,76;78;
78,3269,3370,0,null,null,77;79;1195;
79,3260,3370,0,null,null,78;80;
80,3254,3370,0,null,null,79;81;
81,3246,3371,0,null,null,80;82;
82,3239,3373,0,null,null,81;83;
83,3230,3377,0,null,null,82;84;
84,3221,3376,0,null,null,83;85;86;
85,3210,3377,0,null,null,84;86;87;95;
86,3214,3368,0,null,null,85;43;44;84;87;
87,3203,3371,0,null,null,86;85;88;
88,3196,3371,0,null,null,87;89;
89,3188,3374,0,null,null,88;90;
90,3180,3381,0,null,null,89;91;
91,3174,3388,0,null,null,90;92;
92,3170,3396,0,null,null,91;93;
93,3170,3408,0,null,null,92;94;1761;
94,3170,3417,0,null,null,93;104;105;185;1761;
95,3212,3387,0,null,null,85;96;
96,3212,3394,0,null,null,95;97;
97,3210,3406,0,null,null,96;98;99;108;
98,3206,3407,0,null,null,97;99;100;108;
99,3202,3410,0,null,null,98;97;100;108;
100,3198,3417,0,null,null,99;98;101;
101,3197,3426,0,null,null,100;102;106;
102,3188,3430,0,null,null,101;103;115;
103,3180,3428,0,null,null,102;104;105;115;1693;
104,3172,3426,0,null,null,103;94;105;185;1693;1761;
105,3181,3418,0,null,null,104;94;103;
106,3207,3428,0,null,null,101;107;109;139;
107,3213,3428,0,null,null,106;109;110;139;
108,3211,3412,0,null,null,97;98;99;109;
109,3212,3422,0,null,null,108;106;107;110;139;
110,3222,3428,0,null,null,109;107;111;139;
111,3234,3428,0,null,null,110;112;
112,3244,3428,0,null,null,111;113;114;126;1212;
113,3254,3428,0,null,null,112;114;118;1212;
114,3254,3421,0,null,null,113;112;1211;1212;
115,3183,3440,0,null,null,102;103;116;1213;
116,3182,3450,0,null,null,115;117;1213;
117,3172,3455,0,null,null,116;149;150;
118,3264,3428,0,null,null,113;119;1211;
119,3274,3427,0,null,null,118;120;377;1209;1762;
120,3283,3424,0,null,null,119;121;377;1209;1762;
121,3288,3415,0,null,null,120;122;
122,3292,3406,0,null,null,121;123;
123,3293,3398,0,null,null,122;124;
124,3292,3390,0,null,null,123;125;
125,3294,3380,0,null,null,124;75;76;
126,3246,3438,0,null,null,112;127;
127,3246,3446,0,null,null,126;128;
128,3246,3455,0,null,null,127;129;
129,3244,3464,0,null,null,128;134;
130,3246,3476,0,null,null,129;131;
131,3246,3485,0,null,null,130;132;
132,3246,3495,0,null,null,131;133;
133,3246,3504,0,null,null,132;394;397;
134,3234,3466,0,null,null,129;135;
135,3224,3464,0,null,null,134;136;
136,3214,3462,0,null,null,135;137;1208;
137,3212,3451,0,null,null,136;138;140;
138,3212,3442,0,null,null,137;139;
139,3212,3434,0,null,null,138;106;107;109;110;
140,3202,3451,0,null,null,137;141;
141,3196,3460,0,null,null,140;142;
142,3195,3471,0,null,null,141;143;
143,3196,3480,0,null,null,142;144;
144,3192,3489,0,null,null,143;145;403;
145,3182,3488,0,null,null,144;146;
146,3172,3490,0,null,null,145;147;1214;1215;
147,3165,3483,0,null,null,146;148;1214;1215;
148,3164,3473,0,null,null,147;
149,3166,3461,0,null,null,148;117;150;1760;
150,3161,3456,0,null,null,149;117;151;1760;
151,3150,3456,0,null,null,150;977;1760;
152,3138,3454,0,null,null,151;153;
153,3131,3460,0,null,null,152;154;
154,3136,3466,0,null,null,153;155;
155,3134,3474,0,null,null,154;156;
156,3134,3485,0,null,null,155;157;
157,3134,3494,0,null,null,156;158;
158,3134,3503,0,null,null,157;159;
159,3136,3513,0,null,null,158;160;162;1723;
160,3132,3516,0,null,null,159;162;1723;
161,3120,3513,0,null,null,161;162;163;
162,3126,3518,0,null,null,161;159;160;
163,3115,3508,0,null,null,162;161;164;1232;
164,3104,3504,0,null,null,163;165;167;1232;
165,3093,3502,0,null,null,164;166;1228;1230;
166,3092,3496,0,null,null,165;168;1228;
167,3106,3498,0,null,null,166;164;
168,3084,3490,0,null,null,166;169;1228;
169,3080,3482,0,null,null,168;170;
170,3079,3470,0,null,null,169;171;
171,3086,3464,0,null,null,170;172;
172,3092,3458,0,null,null,171;173;
173,3095,3452,0,null,null,172;174;175;
174,3096,3445,0,null,null,173;175;186;
175,3096,3440,0,null,null,174;173;176;186;
176,3102,3432,0,null,null,175;186;1743;
177,3100,3420,0,null,null,176;178;189;962;
178,3112,3420,0,null,null,177;179;180;
179,3117,3418,0,null,null,178;180;
180,3122,3414,0,null,null,179;178;181;
181,3132,3413,0,null,null,180;182;974;
182,3138,3416,0,null,null,181;183;974;
183,3145,3416,0,null,null,182;184;
184,3154,3417,0,null,null,183;185;1761;
185,3162,3421,0,null,null,184;94;104;1761;
186,3091,3436,0,null,null,174;175;176;187;
187,3090,3427,0,null,null,186;188;189;
188,3086,3424,0,null,null,188;187;189;
189,3088,3419,0,null,null,188;177;187;
190,3074,3419,0,null,null,189;191;
191,3065,3416,0,null,null,190;192;973;
192,3057,3412,0,null,null,191;193;
193,3049,3411,0,null,null,192;194;
194,3044,3417,0,null,null,193;195;
195,3039,3424,0,null,null,194;196;407;
196,3034,3426,0,null,null,195;197;407;
197,3022,3426,0,null,null,196;198;407;
198,3012,3429,0,null,null,197;199;
199,3003,3431,0,null,null,198;200;
200,2992,3430,0,null,null,199;201;
201,2987,3422,0,null,null,200;202;
202,2978,3414,0,null,null,201;203;
203,2966,3414,0,null,null,202;204;423;
204,2965,3402,0,null,null,203;
205,2966,3389,0,null,null,204;206;
206,2965,3380,0,null,null,205;207;442;448;1216;
207,2975,3378,0,null,null,206;208;1216;
208,2984,3374,0,null,null,207;209;
209,2992,3369,0,null,null,208;210;
210,3002,3363,0,null,null,209;211;215;
211,3011,3362,0,null,null,210;215;1217;
212,3023,3360,0,null,null,211;213;
213,3034,3356,0,null,null,212;214;1202;
214,3042,3355,0,null,null,213;1202;
215,3004,3354,0,null,null,210;211;216;1217;
216,3008,3345,0,null,null,215;217;1217;
217,3006,3337,0,null,null,216;218;
218,3005,3328,0,null,null,217;219;451;
219,3008,3320,0,null,null,218;220;891;1773;
220,3007,3314,0,null,null,219;221;1773;
221,3004,3304,0,null,null,220;222;1773;
222,3006,3294,0,null,null,221;223;
223,3005,3284,0,null,null,222;224;501;
224,3008,3278,0,null,null,223;501;
225,3022,3276,0,null,null,224;226;463;464;
226,3033,3276,0,null,null,225;227;463;
227,3042,3274,0,null,null,226;228;1772;
228,3051,3276,0,null,null,227;1771;1772;
229,3065,3276,0,null,null,228;230;1771;
230,3074,3278,0,null,null,229;231;
231,3080,3288,0,null,null,230;879;880;
232,3093,3290,0,null,null,231;233;
233,3101,3293,0,null,null,232;234;846;
234,3110,3291,0,null,null,233;235;269;846;
235,3106,3280,0,null,null,234;236;
236,3104,3270,0,null,null,235;237;
237,3104,3262,0,null,null,236;238;
238,3104,3250,0,null,null,237;239;267;
239,3105,3238,0,null,null,238;240;
240,3108,3228,0,null,null,239;
241,3116,3218,0,null,null,240;243;278;
242,3132,3224,0,null,null,243;245;284;
243,3125,3222,0,null,null,242;241;284;
244,3144,3229,0,null,null,245;246;
245,3140,3226,0,null,null,244;242;246;284;285;
246,3148,3232,0,null,null,245;244;247;
247,3155,3234,0,null,null,246;248;249;
248,3162,3234,0,null,null,247;249;250;257;
249,3167,3234,0,null,null,248;247;250;257;
250,3173,3231,0,null,null,249;248;251;257;
251,3178,3228,0,null,null,250;252;257;1764;
252,3184,3224,0,null,null,251;253;1764;
253,3189,3219,0,null,null,252;254;1764;
254,3196,3218,0,null,null,253;255;256;
255,3202,3217,0,null,null,254;256;
256,3207,3214,0,null,null,255;1;254;
257,3172,3238,0,null,null,248;249;250;251;258;
258,3180,3242,0,null,null,257;259;263;
259,3187,3244,0,null,null,258;260;263;
260,3192,3250,0,null,null,259;261;
261,3202,3252,0,null,null,260;262;
262,3212,3252,0,null,null,261;7;8;9;
263,3180,3252,0,null,null,258;259;264;265;1768;
264,3179,3259,0,null,null,263;265;1768;
265,3180,3264,0,null,null,264;263;266;1768;
266,3181,3274,0,null,null,265;14;15;276;
267,3093,3248,0,null,null,238;268;277;1227;
268,3082,3248,0,null,null,267;277;1196;1227;
269,3118,3296,0,null,null,234;270;846;847;
270,3127,3297,0,null,null,269;271;957;
271,3134,3294,0,null,null,270;272;957;
272,3144,3294,0,null,null,271;273;
273,3152,3293,0,null,null,272;274;
274,3159,3288,0,null,null,273;275;
275,3168,3286,0,null,null,274;276;1766;
276,3176,3284,0,null,null,275;15;266;1162;1766;
277,3092,3242,0,null,null,277;267;268;1730;1731;
278,3113,3207,0,null,null,241;279;
279,3112,3198,0,null,null,278;280;
280,3113,3188,0,null,null,279;281;
281,3113,3180,0,null,null,280;282;
282,3112,3173,0,null,null,281;283;
283,3109,3168,0,null,null,282;
284,3134,3219,0,null,null,242;243;245;285;
285,3140,3214,0,null,null,284;245;286;
286,3142,3208,0,null,null,285;287;
287,3140,3200,0,null,null,286;288;
288,3144,3190,0,null,null,287;289;
289,3152,3188,0,null,null,288;290;
290,3156,3182,0,null,null,289;291;314;
291,3159,3176,0,null,null,290;292;314;
292,3162,3170,0,null,null,291;293;309;314;
293,3166,3163,0,null,null,292;294;309;
294,3172,3158,0,null,null,293;295;309;
295,3183,3154,0,null,null,294;296;
296,3191,3152,0,null,null,295;297;315;
297,3202,3150,0,null,null,296;298;315;
298,3209,3152,0,null,null,297;299;
299,3219,3154,0,null,null,298;300;313;
300,3226,3156,0,null,null,299;301;312;313;
301,3232,3160,0,null,null,300;302;303;312;313;1728;
302,3236,3164,0,null,null,301;303;312;1728;1729;
303,3238,3170,0,null,null,302;301;304;1728;
304,3242,3181,0,null,null,303;305;
305,3244,3189,0,null,null,304;306;
306,3243,3198,0,null,null,305;307;
307,3234,3203,0,null,null,306;308;
308,3234,3210,0,null,null,307;3;
309,3163,3159,0,null,null,292;293;294;310;
310,3156,3156,0,null,null,309;311;
311,3150,3152,0,null,null,310;
312,3234,3156,0,null,null,300;301;302;313;1728;1729;
313,3229,3150,0,null,null,312;299;300;301;
314,3166,3177,0,null,null,290;291;292;
315,3196,3160,0,null,null,296;297;316;
316,3200,3170,0,null,null,315;317;
317,3198,3177,0,null,null,316;318;
318,3198,3184,0,null,null,317;
319,3283,3324,0,null,null,57;320;347;
320,3288,3314,0,null,null,319;321;347;
321,3286,3308,0,null,null,320;322;324;
322,3276,3310,0,null,null,321;323;347;
323,3276,3300,0,null,null,322;324;325;
324,3286,3300,0,null,null,323;321;325;
325,3279,3292,0,null,null,324;323;326;
326,3279,3283,0,null,null,325;327;
327,3284,3277,0,null,null,326;328;341;
328,3288,3271,0,null,null,327;329;341;
329,3283,3264,0,null,null,328;330;
330,3278,3258,0,null,null,329;331;
331,3280,3248,0,null,null,330;332;
332,3283,3240,0,null,null,331;333;348;
333,3280,3230,0,null,null,332;334;1696;
334,3281,3221,0,null,null,333;335;1696;
335,3288,3216,0,null,null,334;336;364;
336,3296,3216,0,null,null,335;337;
337,3300,3208,0,null,null,336;338;
338,3300,3198,0,null,null,337;339;
339,3294,3192,0,null,null,338;340;362;
340,3292,3183,0,null,null,339;359;362;376;
341,3294,3274,0,null,null,327;328;342;343;
342,3302,3276,0,null,null,341;343;
343,3300,3284,0,null,null,342;341;344;
344,3302,3292,0,null,null,343;345;
345,3300,3301,0,null,null,344;346;
346,3300,3308,0,null,null,345;
347,3280,3320,0,null,null,57;319;320;322;
348,3291,3237,0,null,null,332;
349,3304,3236,0,null,null,348;
350,3316,3232,0,null,null,349;
351,3324,3244,0,null,null,350;352;
352,3325,3255,0,null,null,351;353;
353,3328,3263,0,null,null,352;
354,3341,3266,0,null,null,353;355;874;
355,3349,3264,0,null,null,354;874;
356,3362,3264,0,null,null,355;357;
357,3373,3264,0,null,null,356;358;
358,3382,3268,0,null,null,357;
359,3280,3182,0,null,null,340;362;
360,3276,3170,0,null,null,359;361;365;1226;
361,3270,3166,0,null,null,360;365;1226;
362,3283,3192,0,null,null,339;340;359;363;
363,3280,3200,0,null,null,362;364;
364,3282,3208,0,null,null,363;335;
365,3278,3162,0,null,null,360;361;366;1226;1733;
366,3280,3156,0,null,null,365;367;1733;
367,3286,3152,0,null,null,366;368;1733;
368,3292,3148,0,null,null,367;369;
369,3300,3142,0,null,null,368;370;372;
370,3303,3134,0,null,null,369;371;
371,3303,3127,0,null,null,370;
372,3306,3148,0,null,null,369;373;
373,3308,3156,0,null,null,372;374;
374,3308,3163,0,null,null,373;375;
375,3306,3174,0,null,null,374;376;
376,3302,3182,0,null,null,375;340;
377,3284,3433,0,null,null,119;120;378;1209;1762;
378,3287,3442,0,null,null,377;379;
379,3286,3449,0,null,null,378;380;
380,3286,3458,0,null,null,379;381;387;
381,3296,3461,0,null,null,380;382;384;
382,3306,3462,0,null,null,381;383;
383,3316,3466,0,null,null,382;1371;
384,3294,3470,0,null,null,381;385;
385,3300,3478,0,null,null,384;386;
386,3306,3487,0,null,null,385;
387,3276,3464,0,null,null,380;388;
388,3268,3469,0,null,null,387;389;
389,3270,3478,0,null,null,388;390;
390,3268,3487,0,null,null,389;392;
391,3263,3501,0,null,null,392;393;
392,3264,3494,0,null,null,391;390;
393,3258,3508,0,null,null,391;394;395;
394,3251,3509,0,null,null,393;133;397;
395,3263,3514,0,null,null,394;393;396;
396,3274,3516,0,null,null,395;1235;
397,3244,3514,0,null,null,133;394;398;1234;
398,3238,3517,0,null,null,397;1234;
399,3224,3516,0,null,null,398;400;
400,3215,3515,0,null,null,399;1233;
401,3202,3517,0,null,null,400;1233;
402,3188,3518,0,null,null,401;
403,3196,3496,0,null,null,144;404;
404,3202,3501,0,null,null,403;405;
405,3210,3503,0,null,null,404;406;
406,3220,3500,0,null,null,405;
407,3032,3432,0,null,null,195;196;197;408;
408,3037,3440,0,null,null,407;409;
409,3041,3446,0,null,null,408;410;
410,3045,3454,0,null,null,409;411;
411,3050,3459,0,null,null,410;412;417;
412,3052,3468,0,null,null,411;413;417;
413,3051,3480,0,null,null,412;414;
414,3054,3489,0,null,null,413;415;
415,3050,3496,0,null,null,414;
416,3040,3470,0,null,null,417;418;
417,3046,3469,0,null,null,416;411;412;
418,3032,3470,0,null,null,417;416;419;
419,3025,3462,0,null,null,418;420;
420,3016,3456,0,null,null,419;421;
421,3016,3448,0,null,null,420;
422,2952,3419,0,null,null,423;424;
423,2959,3416,0,null,null,422;203;
424,2949,3426,0,null,null,423;422;425;
425,2948,3434,0,null,null,424;426;
426,2947,3444,0,null,null,425;427;
427,2944,3453,0,null,null,426;428;435;1394;
428,2944,3464,0,null,null,427;429;435;436;
429,2944,3475,0,null,null,428;430;436;437;
430,2942,3480,0,null,null,429;431;
431,2944,3490,0,null,null,430;432;
432,2941,3500,0,null,null,431;433;
433,2940,3510,0,null,null,432;434;
434,2942,3517,0,null,null,433;
435,2949,3458,0,null,null,427;428;436;
436,2952,3468,0,null,null,435;428;429;437;
437,2954,3478,0,null,null,436;429;439;
438,2957,3490,0,null,null,438;439;440;
439,2956,3482,0,null,null,438;437;
440,2957,3498,0,null,null,438;441;
441,2956,3505,0,null,null,440;
442,2965,3371,0,null,null,206;443;448;1216;
443,2964,3365,0,null,null,442;444;1216;
444,2964,3356,0,null,null,443;445;
445,2965,3350,0,null,null,444;446;447;
446,2969,3342,0,null,null,445;447;
447,2974,3342,0,null,null,446;445;
448,2956,3380,0,null,null,206;442;449;1216;
449,2948,3374,0,null,null,448;450;462;1218;
450,2944,3370,0,null,null,449;462;1218;
451,2996,3324,0,null,null,218;452;1773;
452,2990,3320,0,null,null,451;453;1773;
453,2982,3319,0,null,null,452;454;
454,2974,3317,0,null,null,453;455;
455,2964,3316,0,null,null,454;456;
456,2958,3316,0,null,null,455;457;
457,2951,3318,0,null,null,456;458;
458,2944,3324,0,null,null,457;459;
459,2940,3333,0,null,null,458;
460,2940,3348,0,null,null,459;461;
461,2940,3354,0,null,null,460;462;
462,2939,3366,0,null,null,461;449;450;1218;
463,3027,3271,0,null,null,225;226;464;
464,3022,3266,0,null,null,463;225;465;
465,3019,3258,0,null,null,464;466;
466,3019,3247,0,null,null,465;467;
467,3028,3241,0,null,null,466;
468,3028,3228,0,null,null,467;469;
469,3027,3217,0,null,null,468;470;472;
470,3028,3206,0,null,null,469;
471,3014,3216,0,null,null,472;473;
472,3017,3218,0,null,null,471;469;
473,3006,3208,0,null,null,472;471;474;484;
474,3006,3198,0,null,null,473;475;
475,3006,3186,0,null,null,474;476;
476,3005,3176,0,null,null,475;477;480;481;
477,3000,3170,0,null,null,476;478;481;
478,2998,3160,0,null,null,477;479;481;
479,2998,3152,0,null,null,478;899;
480,3012,3174,0,null,null,476;481;
481,3008,3166,0,null,null,480;476;477;478;482;
482,3012,3158,0,null,null,481;483;
483,3012,3151,0,null,null,482;
484,2996,3208,0,null,null,473;485;
485,2988,3210,0,null,null,484;486;
486,2979,3209,0,null,null,485;487;
487,2972,3214,0,null,null,486;488;
488,2964,3220,0,null,null,487;489;491;895;
489,2958,3218,0,null,null,488;490;491;895;
490,2954,3212,0,null,null,489;
491,2956,3229,0,null,null,488;489;492;895;
492,2956,3240,0,null,null,491;493;496;
493,2946,3236,0,null,null,492;494;
494,2940,3228,0,null,null,493;
495,2932,3218,0,null,null,494;
496,2960,3250,0,null,null,492;497;
497,2968,3256,0,null,null,496;498;898;
498,2975,3263,0,null,null,497;499;
499,2974,3271,0,null,null,498;506;
500,2985,3276,0,null,null,499;501;506;
501,2996,3279,0,null,null,500;223;224;
502,2946,3302,0,null,null,503;507;
503,2954,3296,0,null,null,502;504;
504,2960,3286,0,null,null,503;505;
505,2971,3283,0,null,null,504;506;
506,2977,3278,0,null,null,505;499;500;
507,2936,3300,0,null,null,502;508;
508,2935,3310,0,null,null,507;1156;
509,2921,3354,0,null,null,510;1161;
510,2913,3360,0,null,null,509;511;
511,2913,3372,0,null,null,510;512;
512,2909,3380,0,null,null,511;513;
513,2900,3384,0,null,null,512;514;
514,2894,3390,0,null,null,513;515;
515,2892,3400,0,null,null,514;516;
516,2890,3411,0,null,null,515;517;
517,2888,3420,0,null,null,516;518;
518,2889,3429,0,null,null,517;519;522;545;
519,2897,3436,0,null,null,518;520;522;
520,2900,3444,0,null,null,519;521;
521,2911,3445,0,null,null,520;542;543;
522,2886,3440,0,null,null,518;519;523;
523,2889,3449,0,null,null,522;524;541;
524,2888,3458,0,null,null,523;525;541;
525,2883,3466,0,null,null,524;526;
526,2885,3477,0,null,null,525;527;
527,2894,3485,0,null,null,526;528;539;
528,2904,3486,0,null,null,527;539;
529,2911,3496,0,null,null,528;531;
530,2916,3510,0,null,null,531;532;
531,2914,3504,0,null,null,530;529;
532,2919,3520,0,null,null,530;533;
533,2916,3528,0,null,null,532;534;
534,2926,3532,0,null,null,533;1698;
535,2920,3544,0,null,null,534;
536,2906,3546,0,null,null,535;537;
537,2898,3546,0,null,null,536;538;
538,2898,3556,0,null,null,537;
539,2900,3476,0,null,null,527;528;540;
540,2896,3468,0,null,null,539;541;
541,2896,3456,0,null,null,540;523;524;542;
542,2907,3455,0,null,null,541;521;543;
543,2918,3454,0,null,null,542;521;544;
544,2926,3452,0,null,null,543;1394;
545,2877,3428,0,null,null,518;546;
546,2868,3436,0,null,null,545;547;
547,2864,3444,0,null,null,546;548;
548,2866,3453,0,null,null,547;549;
549,2862,3460,0,null,null,548;550;
550,2856,3470,0,null,null,549;551;
551,2856,3482,0,null,null,550;552;
552,2860,3490,0,null,null,551;553;
553,2862,3496,0,null,null,552;554;
554,2859,3506,0,null,null,553;555;
555,2851,3510,0,null,null,554;556;
556,2842,3507,0,null,null,555;557;
557,2840,3500,0,null,null,556;1393;
558,2804,3438,0,null,null,559;564;1219;
559,2810,3436,0,null,null,558;560;1219;
560,2820,3438,0,null,null,559;561;
561,2830,3437,0,null,null,560;562;
562,2840,3434,0,null,null,561;563;1735;
563,2849,3433,0,null,null,562;1382;1735;
564,2797,3432,0,null,null,558;565;
565,2790,3434,0,null,null,564;566;1759;
566,2784,3442,0,null,null,565;567;
567,2778,3447,0,null,null,566;568;575;
568,2772,3454,0,null,null,567;569;575;
569,2766,3460,0,null,null,568;570;
570,2762,3468,0,null,null,569;571;
571,2756,3478,0,null,null,570;
572,2743,3479,0,null,null,571;1595;
573,2732,3484,0,null,null,572;574;582;1220;1595;
574,2725,3490,0,null,null,573;581;582;1220;
575,2782,3456,0,null,null,567;568;576;
576,2790,3460,0,null,null,575;577;
577,2796,3464,0,null,null,576;578;
578,2799,3470,0,null,null,577;579;
579,2809,3470,0,null,null,578;580;
580,2817,3468,0,null,null,579;
581,2719,3485,0,null,null,574;582;585;1220;
582,2724,3484,0,null,null,581;573;574;1220;1758;
584,2702,3484,0,null,null,585;586;
584,2702,3484,0,null,null,585;586;
585,2710,3484,0,null,null,581;584;
586,2692,3484,0,null,null,584;587;
587,2685,3484,0,null,null,586;588;
588,2678,3476,0,null,null,587;589;
589,2674,3467,0,null,null,588;590;
590,2670,3456,0,null,null,589;592;711;
591,2660,3448,0,null,null,592;593;1722;
592,2666,3452,0,null,null,591;590;711;
593,2654,3441,0,null,null,591;594;1722;
594,2650,3435,0,null,null,593;595;1722;
595,2645,3426,0,null,null,594;596;
596,2645,3415,0,null,null,595;598;
597,2644,3401,0,null,null,598;599;
598,2647,3408,0,null,null,597;596;
599,2645,3394,0,null,null,597;600;
600,2646,3384,0,null,null,599;601;
601,2644,3374,0,null,null,600;602;
602,2635,3373,0,null,null,601;603;649;
603,2636,3362,0,null,null,602;604;1207;
604,2636,3350,0,null,null,603;605;1207;
605,2634,3340,0,null,null,604;606;609;
606,2624,3334,0,null,null,605;607;1206;
607,2614,3338,0,null,null,606;608;1206;1372;
608,2614,3346,0,null,null,607;646;
609,2640,3334,0,null,null,605;610;
610,2646,3330,0,null,null,609;611;1205;
611,2650,3322,0,null,null,610;612;613;1205;1222;
612,2653,3315,0,null,null,611;613;615;627;628;1222;
613,2660,3316,0,null,null,612;611;614;615;1222;1223;
614,2668,3314,0,null,null,613;615;1222;1223;1697;
615,2662,3306,0,null,null,614;612;613;616;628;1222;1223;1696;1697;
616,2662,3300,0,null,null,615;617;618;628;1696;1697;
617,2663,3292,0,null,null,616;618;1221;1696;1697;
618,2658,3289,0,null,null,617;616;619;622;1221;1696;
619,2646,3289,0,null,null,618;620;622;624;1221;
620,2642,3283,0,null,null,619;621;622;624;1221;
621,2644,3275,0,null,null,620;622;1591;
622,2653,3282,0,null,null,621;618;619;620;1221;
623,2632,3290,0,null,null,624;625;626;
624,2637,3288,0,null,null,623;619;620;625;626;
625,2629,3296,0,null,null,624;623;626;630;
626,2637,3300,0,null,null,625;623;624;627;1692;
627,2644,3307,0,null,null,626;612;628;1692;
628,2652,3306,0,null,null,627;612;615;616;1222;
629,2614,3298,0,null,null,630;631;749;1376;
630,2620,3297,0,null,null,629;625;
631,2606,3296,0,null,null,629;632;749;1376;
632,2594,3297,0,null,null,631;633;713;1589;
633,2590,3307,0,null,null,632;634;1721;
634,2586,3314,0,null,null,633;635;
635,2581,3322,0,null,null,634;636;
636,2585,3332,0,null,null,635;637;
637,2588,3338,0,null,null,636;638;
638,2586,3345,0,null,null,637;639;
639,2581,3353,0,null,null,638;640;
640,2581,3365,0,null,null,639;641;652;
641,2586,3372,0,null,null,640;642;652;
642,2593,3372,0,null,null,641;643;652;
643,2600,3370,0,null,null,642;644;
644,2608,3367,0,null,null,643;645;647;
645,2612,3358,0,null,null,644;646;
646,2614,3352,0,null,null,645;608;
647,2614,3370,0,null,null,644;648;650;
648,2622,3376,0,null,null,647;649;650;
649,2630,3380,0,null,null,648;602;
650,2616,3380,0,null,null,647;648;651;
651,2618,3388,0,null,null,650;
652,2582,3376,0,null,null,640;641;642;653;
653,2582,3384,0,null,null,652;654;
654,2578,3390,0,null,null,653;655;
655,2576,3398,0,null,null,654;656;658;
656,2572,3409,0,null,null,655;657;658;
657,2567,3418,0,null,null,656;684;
658,2572,3402,0,null,null,655;656;659;
659,2564,3395,0,null,null,658;660;
660,2556,3396,0,null,null,659;661;
661,2548,3398,0,null,null,660;663;678;
662,2536,3400,0,null,null,663;664;678;
663,2541,3399,0,null,null,662;661;678;
664,2524,3400,0,null,null,662;665;
665,2514,3400,0,null,null,664;666;676;
666,2509,3392,0,null,null,665;667;
667,2503,3386,0,null,null,666;668;
668,2500,3379,0,null,null,667;669;
669,2501,3368,0,null,null,668;670;
670,2496,3362,0,null,null,669;671;
671,2488,3358,0,null,null,670;672;
672,2478,3356,0,null,null,671;673;
673,2468,3360,0,null,null,672;674;
674,2465,3368,0,null,null,673;675;
675,2462,3376,0,null,null,674;1662;
676,2507,3406,0,null,null,665;677;
677,2502,3414,0,null,null,676;
678,2542,3406,0,null,null,661;662;663;679;
679,2538,3414,0,null,null,678;680;1740;
680,2538,3425,0,null,null,679;681;
681,2538,3434,0,null,null,680;682;
682,2542,3444,0,null,null,681;686;687;
683,2560,3428,0,null,null,684;685;
684,2562,3424,0,null,null,683;657;
685,2558,3436,0,null,null,683;686;
686,2552,3444,0,null,null,685;682;710;
687,2540,3454,0,null,null,682;688;
688,2544,3464,0,null,null,687;689;690;709;
689,2553,3466,0,null,null,688;690;709;
690,2548,3475,0,null,null,689;688;692;
691,2534,3476,0,null,null,692;693;
692,2536,3474,0,null,null,691;690;
693,2531,3487,0,null,null,691;695;
694,2530,3500,0,null,null,695;696;
695,2530,3492,0,null,null,694;693;
696,2525,3509,0,null,null,694;697;
697,2526,3520,0,null,null,696;698;708;
698,2523,3528,0,null,null,697;700;705;708;
699,2526,3540,0,null,null,700;701;
700,2524,3536,0,null,null,699;698;701;
701,2524,3548,0,null,null,700;699;703;
702,2526,3560,0,null,null,703;704;
703,2524,3554,0,null,null,702;701;
704,2520,3568,0,null,null,702;
705,2514,3524,0,null,null,698;706;708;
706,2508,3520,0,null,null,705;707;
707,2502,3519,0,null,null,706;
708,2522,3524,0,null,null,697;698;705;
709,2554,3460,0,null,null,688;689;710;
710,2558,3452,0,null,null,709;686;
711,2662,3461,0,null,null,590;592;712;
712,2654,3465,0,null,null,711;
713,2592,3286,0,null,null,632;714;
714,2587,3280,0,null,null,713;715;
715,2584,3270,0,null,null,714;716;
716,2580,3262,0,null,null,715;718;
717,2562,3262,0,null,null,718;720;
718,2568,3262,0,null,null,717;716;720;
719,2562,3249,0,null,null,719;720;721;
720,2562,3254,0,null,null,719;717;718;721;
721,2559,3243,0,null,null,720;719;722;
722,2558,3232,0,null,null,721;723;731;
723,2547,3236,0,null,null,722;725;
724,2532,3236,0,null,null,725;726;799;
725,2538,3237,0,null,null,724;723;726;
726,2530,3230,0,null,null,725;724;727;799;
727,2531,3222,0,null,null,726;728;
728,2536,3214,0,null,null,727;729;
729,2544,3213,0,null,null,728;732;
730,2556,3218,0,null,null,731;732;733;
731,2558,3226,0,null,null,730;722;733;
732,2551,3215,0,null,null,729;730;733;
733,2562,3217,0,null,null,732;730;731;734;1381;
734,2572,3216,0,null,null,733;735;1381;
735,2578,3218,0,null,null,734;736;
736,2585,3220,0,null,null,735;737;
737,2591,3217,0,null,null,736;738;
738,2598,3222,0,null,null,737;739;740;1720;
739,2606,3223,0,null,null,738;740;756;1720;
740,2604,3230,0,null,null,739;738;741;
741,2602,3238,0,null,null,740;742;750;
742,2599,3245,0,null,null,741;743;750;
743,2592,3252,0,null,null,742;744;
744,2600,3259,0,null,null,743;746;
745,2611,3266,0,null,null,746;747;
746,2606,3264,0,null,null,745;744;747;
747,2606,3274,0,null,null,746;745;748;
748,2608,3282,0,null,null,747;749;
749,2608,3291,0,null,null,749;629;631;748;1376;
750,2610,3244,0,null,null,741;742;751;
751,2617,3242,0,null,null,750;752;1594;
752,2625,3240,0,null,null,751;753;1594;
753,2632,3237,0,null,null,752;754;1594;
754,2638,3230,0,null,null,753;755;
755,2647,3228,0,null,null,754;
756,2614,3220,0,null,null,739;757;1720;
757,2622,3218,0,null,null,756;758;
758,2630,3212,0,null,null,757;759;
759,2634,3202,0,null,null,758;760;
760,2630,3192,0,null,null,759;761;
761,2625,3182,0,null,null,760;762;768;
762,2625,3177,0,null,null,761;763;768;
763,2630,3167,0,null,null,762;764;
764,2640,3164,0,null,null,763;765;
765,2644,3158,0,null,null,764;767;
766,2656,3156,0,null,null,767;
767,2650,3156,0,null,null,766;765;
768,2616,3180,0,null,null,761;762;770;
769,2603,3178,0,null,null,770;771;
770,2607,3179,0,null,null,769;768;
771,2593,3176,0,null,null,769;772;
772,2584,3174,0,null,null,771;773;1377;
773,2576,3170,0,null,null,772;774;1377;
774,2572,3164,0,null,null,773;775;
775,2573,3156,0,null,null,774;776;
776,2574,3147,0,null,null,775;777;
777,2575,3138,0,null,null,776;778;
778,2577,3128,0,null,null,777;779;
779,2586,3133,0,null,null,778;780;
780,2592,3132,0,null,null,779;781;
781,2600,3134,0,null,null,780;782;
782,2608,3134,0,null,null,781;783;
783,2615,3134,0,null,null,782;784;
784,2624,3129,0,null,null,783;785;
785,2623,3123,0,null,null,784;786;
786,2620,3114,0,null,null,785;787;
787,2616,3108,0,null,null,786;788;
788,2614,3102,0,null,null,787;789;1224;
789,2604,3097,0,null,null,788;790;795;1224;
790,2592,3096,0,null,null,789;791;
791,2582,3096,0,null,null,790;792;
792,2576,3092,0,null,null,791;793;
793,2569,3090,0,null,null,792;794;
794,2558,3090,0,null,null,793;797;798;
795,2603,3088,0,null,null,789;1224;
796,2546,3092,0,null,null,797;798;1716;
797,2552,3084,0,null,null,796;794;798;
798,2552,3092,0,null,null,797;794;796;
799,2523,3235,0,null,null,724;726;800;
800,2516,3232,0,null,null,799;801;805;
801,2514,3221,0,null,null,800;802;
802,2508,3212,0,null,null,801;803;
803,2509,3207,0,null,null,802;804;
804,2506,3199,0,null,null,803;1701;
805,2505,3231,0,null,null,800;806;
806,2497,3226,0,null,null,805;807;
807,2488,3230,0,null,null,806;808;
808,2486,3237,0,null,null,807;809;
809,2483,3244,0,null,null,808;810;
810,2474,3244,0,null,null,809;811;812;
811,2468,3249,0,null,null,810;
812,2474,3232,0,null,null,810;813;
813,2474,3223,0,null,null,812;814;
814,2466,3216,0,null,null,813;815;
815,2472,3210,0,null,null,814;816;
816,2472,3202,0,null,null,815;817;
817,2476,3193,0,null,null,816;818;
818,2474,3186,0,null,null,817;819;
819,2464,3180,0,null,null,818;820;
820,2460,3173,0,null,null,819;821;
821,2458,3164,0,null,null,820;822;
822,2454,3154,0,null,null,821;823;
823,2450,3148,0,null,null,822;824;
824,2443,3142,0,null,null,823;825;
825,2434,3135,0,null,null,824;826;827;
826,2434,3128,0,null,null,825;827;828;
827,2434,3123,0,null,null,826;825;828;
828,2444,3123,0,null,null,827;826;829;
829,2447,3116,0,null,null,828;830;
830,2450,3106,0,null,null,829;831;
831,2458,3099,0,null,null,830;832;
832,2457,3088,0,null,null,831;834;835;
833,2443,3089,0,null,null,834;
834,2448,3090,0,null,null,833;832;
835,2454,3078,0,null,null,832;836;838;
836,2455,3073,0,null,null,835;838;
837,2468,3073,0,null,null,838;840;
838,2462,3073,0,null,null,837;835;836;
839,2480,3070,0,null,null,840;841;
840,2476,3071,0,null,null,839;837;841;
841,2484,3071,0,null,null,840;839;842;
842,2488,3082,0,null,null,841;843;
843,2496,3088,0,null,null,842;845;
844,2506,3096,0,null,null,845;1719;
845,2502,3094,0,null,null,844;843;
846,3110,3298,0,null,null,233;234;269;847;
847,3114,3306,0,null,null,846;269;848;958;
848,3112,3314,0,null,null,847;849;958;
849,3114,3322,0,null,null,848;850;958;
850,3110,3329,0,null,null,849;851;
851,3110,3338,0,null,null,850;852;
852,3108,3348,0,null,null,851;
853,3088,3091,0,null,null,854;1176;
854,3080,3083,0,null,null,853;1179;
855,3085,3126,0,null,null,856;
856,3076,3124,0,null,null,855;857;
857,3072,3117,0,null,null,856;858;
858,3070,3110,0,null,null,857;859;
859,3070,3103,0,null,null,858;860;
860,3068,3095,0,null,null,859;861;
861,3068,3091,0,null,null,860;1180;
862,3112,3124,0,null,null,863;864;
863,3116,3116,0,null,null,862;864;
864,3122,3120,0,null,null,863;862;
865,3134,3122,0,null,null,866;
866,3132,3112,0,null,null,865;867;
867,3130,3106,0,null,null,866;1172;
868,3120,3096,0,null,null,869;1174;1175;
869,3123,3089,0,null,null,868;870;871;1175;
870,3130,3086,0,null,null,869;871;
871,3134,3088,0,null,null,870;869;1182;
872,3098,3106,0,null,null,873;1178;
873,3103,3096,0,null,null,872;1177;
874,3350,3272,0,null,null,354;355;875;
875,3352,3280,0,null,null,874;876;
876,3360,3283,0,null,null,875;877;878;
877,3362,3288,0,null,null,876;878;
878,3363,3294,0,null,null,877;876;
879,3078,3292,0,null,null,231;880;
880,3074,3295,0,null,null,879;231;881;
881,3072,3304,0,null,null,880;882;
882,3075,3310,0,null,null,881;883;
883,3074,3318,0,null,null,882;884;892;
884,3072,3328,0,null,null,883;885;892;963;
885,3062,3324,0,null,null,884;887;892;893;
886,3050,3326,0,null,null,887;888;
887,3054,3326,0,null,null,886;885;
888,3041,3325,0,null,null,886;889;
889,3032,3324,0,null,null,888;890;
890,3026,3324,0,null,null,889;891;
891,3017,3323,0,null,null,890;219;
892,3065,3320,0,null,null,883;884;885;893;
893,3060,3314,0,null,null,892;885;
894,2972,3230,0,null,null,895;896;
895,2967,3225,0,null,null,894;488;489;491;
896,2974,3236,0,null,null,894;897;
897,2976,3244,0,null,null,896;898;
898,2977,3251,0,null,null,897;497;
899,2995,3142,0,null,null,479;900;
900,3000,3135,0,null,null,899;901;
901,2999,3128,0,null,null,900;902;
902,2996,3120,0,null,null,901;
903,2952,3146,0,null,null,905;
904,2938,3145,0,null,null,905;906;
905,2944,3145,0,null,null,904;903;
906,2929,3150,0,null,null,904;907;1748;
907,2918,3151,0,null,null,906;908;1748;
908,2908,3152,0,null,null,907;909;
909,2900,3156,0,null,null,908;910;
910,2889,3153,0,null,null,909;911;
911,2880,3155,0,null,null,910;912;
912,2871,3156,0,null,null,911;913;
913,2860,3157,0,null,null,912;914;
914,2852,3155,0,null,null,913;915;
915,2844,3154,0,null,null,914;916;
916,2834,3156,0,null,null,915;917;
917,2828,3160,0,null,null,916;918;
918,2824,3166,0,null,null,917;919;
919,2823,3174,0,null,null,918;920;1682;
920,2820,3182,0,null,null,919;1682;
921,2759,3177,0,null,null,922;1688;
922,2754,3171,0,null,null,922;921;923;
923,2748,3164,0,null,null,922;924;
924,2749,3158,0,null,null,923;925;
925,2752,3148,0,null,null,924;926;
926,2762,3150,0,null,null,925;927;
927,2768,3144,0,null,null,926;928;
928,2775,3140,0,null,null,927;929;
929,2775,3130,0,null,null,928;930;
930,2778,3122,0,null,null,929;931;
931,2775,3114,0,null,null,930;932;
932,2776,3107,0,null,null,931;933;
933,2783,3104,0,null,null,932;934;
934,2788,3095,0,null,null,933;935;
935,2794,3088,0,null,null,934;936;
936,2799,3082,0,null,null,935;937;
937,2806,3077,0,null,null,936;941;
939,2822,3065,0,null,null,940;941;
939,2822,3065,0,null,null,940;941;
941,2834,3052,0,null,null,940;942;
941,2834,3052,0,null,null,940;942;
942,2843,3048,0,null,null,942;941;943;
943,2846,3042,0,null,null,942;
944,3112,3390,0,null,null,945;960;
945,3119,3384,0,null,null,944;946;
946,3129,3382,0,null,null,945;947;
947,3134,3378,0,null,null,946;948;
948,3136,3372,0,null,null,947;949;
949,3136,3366,0,null,null,948;950;
950,3138,3357,0,null,null,949;951;
951,3138,3352,0,null,null,950;952;
952,3136,3344,0,null,null,951;953;
953,3134,3334,0,null,null,952;954;
954,3136,3328,0,null,null,953;955;
955,3136,3320,0,null,null,954;956;959;
956,3136,3312,0,null,null,955;957;959;
957,3134,3302,0,null,null,956;270;271;
958,3120,3313,0,null,null,847;848;849;959;
959,3128,3314,0,null,null,958;955;956;
960,3106,3399,0,null,null,944;961;
961,3104,3406,0,null,null,960;962;
962,3101,3414,0,null,null,961;177;
963,3072,3334,0,null,null,884;964;
964,3072,3343,0,null,null,963;966;
965,3072,3356,0,null,null,966;967;
966,3072,3348,0,null,null,965;964;
967,3070,3364,0,null,null,965;968;
968,3072,3370,0,null,null,967;969;
969,3073,3378,0,null,null,968;970;
970,3074,3390,0,null,null,969;972;
971,3071,3402,0,null,null,972;973;
972,3073,3398,0,null,null,971;970;973;
973,3069,3408,0,null,null,972;191;971;
974,3130,3424,0,null,null,181;182;975;
975,3137,3429,0,null,null,974;976;
976,3144,3436,0,null,null,975;977;
977,3151,3444,0,null,null,976;151;
978,3328,3470,0,null,null,979;1371;
979,3334,3478,0,null,null,978;980;
980,3342,3482,0,null,null,979;981;
981,3348,3488,0,null,null,980;982;984;
982,3359,3485,0,null,null,981;983;984;
983,3370,3485,0,null,null,982;986;987;
984,3352,3493,0,null,null,981;982;
985,3386,3484,0,null,null,986;988;
986,3378,3484,0,null,null,985;983;
987,3370,3494,0,null,null,983;
988,3396,3486,0,null,null,985;989;990;
989,3404,3486,0,null,null,988;990;992;
990,3405,3494,0,null,null,989;988;991;
991,3406,3498,0,null,null,990;
992,3412,3480,0,null,null,989;993;
993,3418,3478,0,null,null,992;
994,3432,3484,0,null,null,995;
995,3442,3486,0,null,null,994;996;1017;
996,3452,3486,0,null,null,995;997;1017;
997,3460,3483,0,null,null,996;998;
998,3464,3476,0,null,null,997;999;1000;
999,3470,3472,0,null,null,998;1000;
1000,3476,3476,0,null,null,999;998;1001;
1001,3483,3480,0,null,null,1000;1002;
1002,3491,3484,0,null,null,1001;1003;1004;
1003,3502,3482,0,null,null,1002;1004;1225;
1004,3498,3492,0,null,null,1003;1002;1005;
1005,3504,3500,0,null,null,1004;1006;
1006,3508,3506,0,null,null,1005;1007;
1007,3514,3513,0,null,null,1006;1008;1009;1010;
1008,3519,3520,0,null,null,1007;1010;1023;
1009,3506,3522,0,null,null,1007;1010;1011;
1010,3512,3522,0,null,null,1009;1007;1008;
1011,3501,3527,0,null,null,1009;1012;
1012,3492,3533,0,null,null,1011;1013;
1013,3496,3540,0,null,null,1012;1014;1016;
1014,3505,3540,0,null,null,1013;1016;
1015,3504,3554,0,null,null,1016;
1016,3504,3548,0,null,null,1015;1013;1014;
1017,3448,3494,0,null,null,995;996;1018;
1018,3444,3501,0,null,null,1017;1019;
1019,3440,3508,0,null,null,1018;1020;
1020,3434,3515,0,null,null,1019;1021;
1021,3430,3522,0,null,null,1020;1022;
1022,3428,3530,0,null,null,1021;
1023,3525,3526,0,null,null,1008;1024;
1024,3535,3524,0,null,null,1023;1025;
1025,3546,3528,0,null,null,1024;1026;
1026,3553,3528,0,null,null,1025;1027;
1027,3564,3528,0,null,null,1026;1028;
1028,3572,3524,0,null,null,1027;1029;
1029,3581,3522,0,null,null,1028;1030;
1030,3588,3524,0,null,null,1029;1031;
1031,3592,3531,0,null,null,1030;1032;
1032,3602,3534,0,null,null,1031;1033;1034;
1033,3608,3534,0,null,null,1032;1034;
1034,3614,3534,0,null,null,1033;1032;1035;
1035,3623,3533,0,null,null,1034;1036;
1036,3628,3533,0,null,null,1035;1038;
1037,3640,3531,0,null,null,1038;1039;
1038,3636,3533,0,null,null,1037;1036;
1039,3648,3528,0,null,null,1037;1040;1045;
1040,3658,3529,0,null,null,1039;1041;
1041,3660,3523,0,null,null,1040;1042;1045;
1042,3659,3514,0,null,null,1041;1043;1044;1045;
1043,3659,3508,0,null,null,1042;1044;1045;1047;
1044,3652,3510,0,null,null,1043;1042;1045;1047;
1045,3651,3517,0,null,null,1044;1039;1041;1042;1043;
1046,3650,3498,0,null,null,1047;1048;
1047,3652,3502,0,null,null,1046;1043;1044;1048;
1048,3650,3492,0,null,null,1047;1046;1049;
1049,3650,3484,0,null,null,1048;1050;
1050,3648,3478,0,null,null,1049;
1051,3466,3308,0,null,null,1052;1074;
1052,3474,3308,0,null,null,1051;1053;
1053,3480,3304,0,null,null,1052;1054;
1054,3488,3301,0,null,null,1053;1055;1126;
1055,3494,3300,0,null,null,1054;1056;1126;
1056,3500,3296,0,null,null,1055;1057;
1057,3504,3290,0,null,null,1056;1058;
1058,3508,3284,0,null,null,1057;1059;1120;
1059,3518,3284,0,null,null,1058;1060;1061;
1060,3524,3280,0,null,null,1059;1061;1062;
1061,3528,3278,0,null,null,1060;1059;1062;1063;
1062,3535,3278,0,null,null,1061;1060;1063;1064;
1063,3538,3282,0,null,null,1062;1061;1064;
1064,3539,3288,0,null,null,1063;1062;1065;
1065,3535,3295,0,null,null,1064;1066;
1066,3538,3302,0,null,null,1065;1067;
1067,3542,3308,0,null,null,1066;1068;
1068,3550,3314,0,null,null,1067;1069;
1069,3558,3314,0,null,null,1068;1070;
1070,3566,3314,0,null,null,1069;1071;
1071,3566,3304,0,null,null,1070;1072;
1072,3566,3296,0,null,null,1071;1073;
1073,3566,3288,0,null,null,1072;
1074,3456,3308,0,null,null,1051;1075;
1075,3449,3308,0,null,null,1074;1076;1077;1083;1084;
1076,3442,3305,0,null,null,1075;1077;1081;1082;1083;1088;
1077,3449,3298,0,null,null,1076;1075;1078;1081;
1078,3450,3292,0,null,null,1077;1079;
1079,3446,3284,0,null,null,1078;1080;1092;
1080,3438,3289,0,null,null,1079;1081;1090;1091;1092;
1081,3438,3298,0,null,null,1080;1076;1077;1082;1088;1089;1090;
1082,3436,3309,0,null,null,1081;1076;1083;1086;1087;1088;1089;1099;
1083,3442,3314,0,null,null,1082;1075;1076;1084;1085;1086;
1084,3448,3318,0,null,null,1083;1075;1085;
1085,3440,3321,0,null,null,1084;1083;1086;1100;
1086,3433,3317,0,null,null,1085;1082;1083;1087;1099;1100;1101;
1087,3430,3312,0,null,null,1086;1082;1088;1089;1098;1099;1100;
1088,3430,3304,0,null,null,1087;1076;1081;1082;1089;1090;1098;1099;
1089,3430,3300,0,null,null,1088;1081;1082;1087;1090;1097;1098;
1090,3430,3294,0,null,null,1089;1080;1081;1088;1091;1097;1098;
1091,3432,3287,0,null,null,1090;1080;1092;
1092,3436,3282,0,null,null,1091;1079;1080;1093;
1093,3436,3275,0,null,null,1092;1094;1095;
1094,3430,3270,0,null,null,1093;1095;
1095,3425,3276,0,null,null,1094;1093;1096;
1096,3420,3283,0,null,null,1095;1097;
1097,3422,3294,0,null,null,1096;1089;1090;1098;
1098,3424,3302,0,null,null,1097;1087;1088;1089;1090;1099;
1099,3426,3312,0,null,null,1098;1082;1086;1087;1088;1100;
1100,3428,3322,0,null,null,1099;1085;1086;1087;1101;
1101,3430,3328,0,null,null,1100;1086;1102;
1102,3426,3334,0,null,null,1101;1103;
1103,3420,3338,0,null,null,1102;1104;
1104,3417,3344,0,null,null,1103;1105;
1105,3410,3352,0,null,null,1104;1106;
1106,3414,3360,0,null,null,1105;1107;
1107,3415,3369,0,null,null,1106;1108;
1108,3424,3375,0,null,null,1107;1109;
1109,3426,3382,0,null,null,1108;1110;
1110,3424,3392,0,null,null,1109;1111;
1111,3424,3402,0,null,null,1110;1112;
1112,3419,3408,0,null,null,1111;1113;
1113,3424,3416,0,null,null,1112;1114;
1114,3422,3422,0,null,null,1113;1115;
1115,3418,3431,0,null,null,1114;1116;
1116,3424,3438,0,null,null,1115;1117;
1117,3429,3446,0,null,null,1116;1118;
1118,3434,3452,0,null,null,1117;1119;
1119,3443,3454,0,null,null,1118;
1120,3502,3278,0,null,null,1058;1121;
1121,3495,3270,0,null,null,1120;1122;1124;
1122,3489,3262,0,null,null,1121;1123;1124;
1123,3489,3252,0,null,null,1122;
1124,3488,3272,0,null,null,1121;1122;1125;
1125,3488,3280,0,null,null,1124;1126;
1126,3489,3290,0,null,null,1125;1054;1055;
1127,2827,3336,0,null,null,1128;1129;1145;
1128,2827,3343,0,null,null,1127;1129;1140;1141;
1129,2836,3343,0,null,null,1128;1127;1130;1141;1145;
1130,2840,3348,0,null,null,1129;1131;
1131,2851,3348,0,null,null,1130;1132;1133;1142;
1132,2858,3348,0,null,null,1131;1133;1142;
1133,2859,3355,0,null,null,1132;1131;1134;
1134,2856,3360,0,null,null,1133;1135;1754;
1135,2858,3368,0,null,null,1134;1136;
1136,2853,3376,0,null,null,1135;1137;
1137,2842,3376,0,null,null,1136;1138;
1138,2836,3372,0,null,null,1137;1139;
1139,2824,3372,0,null,null,1138;
1140,2817,3344,0,null,null,1128;
1141,2828,3350,0,null,null,1128;1129;
1142,2859,3340,0,null,null,1131;1132;1143;
1143,2865,3337,0,null,null,1142;1144;1753;
1144,2876,3336,0,null,null,1143;1753;
1145,2838,3335,0,null,null,1127;1129;1146;
1146,2846,3335,0,null,null,1145;
1147,2819,3290,0,null,null,1148;1149;
1148,2826,3284,0,null,null,1147;1149;1150;
1149,2828,3292,0,null,null,1148;1147;
1150,2832,3276,0,null,null,1148;1151;1153;
1151,2838,3281,0,null,null,1150;1153;
1152,2834,3264,0,null,null,1153;
1153,2835,3272,0,null,null,1152;1150;1151;
1154,2852,3300,0,null,null,1155;
1155,2847,3293,0,null,null,1154;
1156,2934,3313,0,null,null,508;
1157,2933,3319,0,Gate,Open,1156;
1158,2932,3326,0,null,null,1157;
1159,2928,3332,0,null,null,1158;
1160,2926,3338,0,null,null,1159;1161;
1161,2923,3346,0,null,null,1160;509;
1162,3180,3288,0,Gate,Open,14;15;276;1163;1201;
1163,3181,3294,0,null,null,1201;
1164,3176,3298,0,null,null,1163;1201;
1165,3197,3280,0,Gate,Open,12;13;14;
1166,3198,3288,0,null,null,1165;1168;1200;
1167,3200,3298,0,null,null,1166;1168;1200;
1168,3206,3292,0,null,null,1167;1166;1200;
1169,3236,3295,0,Gate,Open,30;31;
1170,3230,3296,0,null,null,1169;1171;1199;
1171,3230,3291,0,Door,Open,1170;
1172,3128,3106,0,Door,Open,867;
1173,3122,3102,0,Door,Open,1172;1174;1175;
1174,3120,3098,0,null,null,1173;868;1175;
1175,3120,3093,0,null,null,1174;868;869;1173;
1176,3090,3092,0,Gate,Open,1176;853;1177;
1177,3098,3092,0,null,null,1176;873;
1178,3097,3106,0,Door,Open,872;
1179,3078,3084,0,Door,Open,854;
1180,3072,3090,0,Door,Open,1179;861;
1181,3139,3086,0,null,null,1182;
1182,3136,3086,0,null,null,1181;871;
1183,3252,3266,0,Gate,Open,23;24;27;28;
1184,3260,3270,0,null,null,1183;1187;
1185,3262,3261,0,null,null,1184;
1186,3260,3278,0,null,null,1187;1198;
1187,3263,3274,0,null,null,1186;1184;
1188,3256,3284,0,null,null,1187;1191;1198;
1189,3262,3290,0,null,null,1188;1198;
1190,3252,3292,0,null,null,1189;1198;
1191,3251,3285,0,null,null,1190;1188;1198;
1192,3286,3342,0,null,null,57;58;1193;
1193,3282,3348,0,null,null,1192;1194;
1194,3276,3354,0,null,null,1193;1195;
1195,3272,3361,0,null,null,1194;78;
1196,3079,3251,0,Master farmer,Pickpocket,268;
1197,3222,3220,0,Man,Pickpocket,1;2;3;
1198,3255,3288,0,Cow,Attack,1186;1188;1189;1190;1191;
1199,3230,3298,0,Chicken,Attack,1170;
1200,3202,3294,0,Cow,Attack,1166;1167;1168;
1201,3178,3298,0,Chicken,Attack,1162;1163;1164;
1202,3043,3363,0,null,null,213;214;1203;
1203,3047,3369,0,null,null,1202;1204;
1204,3056,3369,0,null,null,1203;
1205,2658,3329,0,Warrior woman,Pickpocket,610;611;
1206,2615,3332,0,Bank booth,Bank,606;607;1372;1373;
1207,2638,3360,0,Master farmer,Pickpocket,603;604;
1208,3212,3466,0,Guard,Pickpocket,136;
1209,3277,3427,0,Guard,Pickpocket,119;120;377;1762;
1210,3268,3412,0,Tea stall,Steal-from,1211;
1211,3264,3420,0,null,null,1210;114;118;1212;
1212,3253,3419,0,Bank booth,Bank,1211;112;113;114;
1213,3184,3442,0,Bank booth,Bank,115;116;
1214,3164,3489,0,Grand Exchange Clerk,Exchange,146;147;1215;1727;
1215,3165,3490,0,Banker,Bank,1214;146;147;1727;
1216,2964,3377,0,Guard,Pickpocket,206;207;442;443;448;
1217,3012,3355,0,Bank booth,Bank,211;215;216;
1218,2946,3368,0,Bank booth,Bank,449;450;462;
1219,2808,3440,0,Bank booth,Bank,558;559;
1220,2726,3492,0,Bank booth,Bank,573;574;581;582;1755;
1221,2654,3284,0,Bank booth,Bank,617;618;619;620;622;
1222,2658,3316,0,Silk stall,Steal-from,611;612;613;614;615;628;1223;
1223,2668,3312,0,Baker's stall,Steal-from,1222;613;614;615;1697;
1224,2612,3092,0,Bank booth,Bank,788;789;795;
1225,3511,3478,0,Bank booth,Bank,1003;
1226,3269,3164,0,Bank booth,Bank,360;361;365;
1227,3092,3242,0,Bank booth,Bank,267;268;1730;1731;
1228,3094,3494,0,Bank booth,Bank,165;166;168;
1229,3084,3520,0,Wilderness ditch,Cross,1230;1236;
1230,3086,3511,0,null,null,1229;165;
1231,3103,3520,0,Wilderness ditch,Cross,1232;1237;
1232,3104,3512,0,null,null,1231;163;164;
1233,3208,3521,0,Wilderness ditch,Cross,400;401;1314;
1234,3243,3522,0,Wilderness ditch,Cross,397;398;1317;
1235,3276,3520,0,Wilderness ditch,Cross,396;1332;
1236,3088,3526,0,null,null,1229;1237;1238;
1237,3096,3526,0,null,null,1236;1231;1238;
1238,3091,3532,0,null,null,1237;1236;1239;
1239,3082,3538,0,null,null,1238;1240;
1240,3075,3544,0,null,null,1239;1241;
1241,3067,3552,0,null,null,1240;1242;
1242,3068,3560,0,null,null,1241;1243;
1243,3069,3566,0,null,null,1242;1244;
1244,3070,3576,0,null,null,1243;1245;
1245,3072,3582,0,null,null,1244;1246;1348;
1246,3072,3590,0,null,null,1245;1247;1270;1348;
1247,3071,3600,0,null,null,1246;1248;1270;
1248,3072,3610,0,null,null,1247;1249;
1249,3078,3616,0,null,null,1248;1250;1308;
1250,3084,3625,0,null,null,1249;1308;
1251,3091,3636,0,null,null,1250;1252;
1252,3097,3645,0,null,null,1251;1253;1307;
1253,3104,3654,0,null,null,1252;1254;1307;
1254,3106,3665,0,null,null,1253;1255;
1255,3101,3672,0,null,null,1254;1256;
1256,3097,3680,0,null,null,1255;1257;
1257,3096,3688,0,null,null,1256;1258;
1258,3094,3698,0,null,null,1257;1259;
1259,3088,3708,0,null,null,1258;1260;
1260,3080,3714,0,null,null,1259;1261;
1261,3073,3717,0,null,null,1260;1262;
1262,3066,3722,0,null,null,1261;1263;1352;
1263,3056,3728,0,null,null,1262;1264;1352;
1264,3050,3728,0,null,null,1263;1266;
1265,3034,3724,0,null,null,1266;1267;
1266,3040,3725,0,null,null,1265;1264;
1267,3027,3728,0,null,null,1265;1269;
1268,3014,3732,0,null,null,1269;1579;1581;
1269,3022,3728,0,null,null,1268;1267;1579;
1270,3065,3594,0,null,null,1246;1247;1271;
1271,3058,3592,0,null,null,1270;
1272,3046,3594,0,null,null,1271;1274;
1273,3032,3598,0,null,null,1274;1275;
1274,3039,3595,0,null,null,1273;1272;
1275,3024,3602,0,null,null,1273;1276;
1276,3016,3604,0,null,null,1275;1277;
1277,3009,3609,0,null,null,1276;1278;
1278,3002,3615,0,null,null,1277;1279;1349;
1279,2994,3622,0,null,null,1278;1280;1349;
1280,2989,3627,0,null,null,1279;1281;1349;
1281,2984,3637,0,null,null,1280;1282;
1282,2981,3644,0,null,null,1281;1283;
1283,2984,3650,0,null,null,1282;1284;
1284,2984,3661,0,null,null,1283;1285;
1285,2982,3666,0,null,null,1284;1286;
1286,2982,3677,0,null,null,1285;1287;1288;
1287,2982,3680,0,null,null,1286;1288;
1288,2984,3687,0,null,null,1287;1286;1575;
1289,3238,3618,0,null,null,1290;
1290,3236,3624,0,null,null,1289;1291;
1291,3236,3630,0,null,null,1290;1292;
1292,3232,3637,0,null,null,1291;1293;
1293,3224,3635,0,null,null,1292;1294;
1294,3218,3631,0,null,null,1293;1295;1330;
1295,3210,3628,0,null,null,1294;1296;1297;1330;
1296,3202,3628,0,null,null,1295;1297;1330;
1297,3198,3628,0,null,null,1296;1295;1298;
1298,3186,3629,0,null,null,1297;1299;
1299,3176,3630,0,null,null,1298;1300;
1300,3172,3627,0,null,null,1299;1301;
1301,3164,3624,0,null,null,1300;
1302,3152,3626,0,null,null,1301;1303;
1303,3142,3629,0,null,null,1302;1313;
1304,3131,3636,0,null,null,1303;1305;
1305,3123,3641,0,null,null,1304;1306;
1306,3114,3646,0,null,null,1305;1307;
1307,3106,3652,0,null,null,1306;1252;1253;
1308,3085,3617,0,null,null,1249;1250;
1309,3097,3614,0,null,null,1308;1310;
1310,3107,3616,0,null,null,1309;1311;
1311,3118,3618,0,null,null,1310;1312;
1312,3128,3618,0,null,null,1311;
1313,3140,3622,0,null,null,1312;1303;
1314,3212,3530,0,null,null,1233;1315;
1315,3220,3532,0,null,null,1314;1318;1319;
1316,3232,3530,0,null,null,1315;1317;1319;1334;
1317,3241,3530,0,null,null,1316;1234;1334;
1318,3224,3540,0,null,null,1315;1319;1320;
1319,3228,3538,0,null,null,1318;1315;1316;1334;
1320,3218,3548,0,null,null,1319;1318;1321;
1321,3212,3555,0,null,null,1320;1322;
1322,3210,3566,0,null,null,1321;1323;
1323,3201,3570,0,null,null,1322;1324;1336;
1324,3204,3580,0,null,null,1323;1326;
1325,3216,3590,0,null,null,1326;1327;
1326,3213,3586,0,null,null,1325;1324;
1327,3216,3598,0,null,null,1326;1325;1328;
1328,3210,3608,0,null,null,1327;1329;
1329,3208,3616,0,null,null,1328;1330;
1330,3209,3623,0,null,null,1329;1294;1295;1296;
1332,3263,3534,0,null,null,1332;1333;
1332,3263,3534,0,null,null,1332;1333;
1333,3254,3539,0,null,null,1332;1335;
1334,3240,3538,0,null,null,1316;1317;1319;1335;
1335,3245,3542,0,null,null,1334;1333;
1336,3192,3577,0,null,null,1323;1337;
1337,3184,3577,0,null,null,1336;1338;
1338,3174,3578,0,null,null,1337;1339;
1339,3163,3579,0,null,null,1338;1340;
1340,3153,3579,0,null,null,1339;
1341,3140,3580,0,null,null,1340;1342;
1342,3130,3580,0,null,null,1341;1343;
1343,3123,3582,0,null,null,1342;1345;
1344,3109,3586,0,null,null,1345;1346;
1345,3114,3585,0,null,null,1344;1343;
1346,3099,3588,0,null,null,1344;1347;
1347,3090,3588,0,null,null,1346;1348;
1348,3080,3589,0,null,null,1347;1245;1246;
1349,3001,3626,0,null,null,1278;1279;1280;1350;
1350,3006,3632,0,null,null,1349;1351;
1351,3013,3632,0,null,null,1350;
1352,3068,3728,0,null,null,1262;1263;1353;
1353,3072,3734,0,null,null,1352;1354;
1354,3070,3744,0,null,null,1353;1355;
1355,3066,3750,0,null,null,1354;1356;
1356,3066,3758,0,null,null,1355;1357;
1357,3068,3766,0,null,null,1356;1358;
1358,3064,3774,0,null,null,1357;1359;
1359,3060,3781,0,null,null,1358;1360;
1360,3054,3790,0,null,null,1359;1361;1588;
1361,3045,3796,0,null,null,1360;1362;
1362,3040,3800,0,null,null,1361;1363;
1363,3033,3804,0,null,null,1362;1364;
1364,3026,3812,0,null,null,1363;1365;
1365,3022,3818,0,null,null,1364;
1366,3012,3826,0,null,null,1365;1367;
1367,3004,3830,0,null,null,1366;1368;
1368,3001,3840,0,null,null,1367;1369;
1369,3008,3849,0,Gate,Open,1368;
1370,3014,3849,0,null,null,1369;
1371,3320,3468,0,Gate,Open,383;978;
1372,2608,3335,0,null,null,607;1206;1373;
1373,2608,3327,0,null,null,1372;1206;1374;
1374,2608,3319,0,null,null,1373;1375;1721;
1375,2607,3311,0,null,null,1374;1376;1721;
1376,2606,3302,0,null,null,1375;629;631;749;1721;
1377,2577,3178,0,null,null,772;773;1378;
1378,2575,3184,0,null,null,1377;1379;
1379,2571,3191,0,null,null,1378;1380;
1380,2571,3200,0,null,null,1379;1381;
1381,2569,3208,0,null,null,1380;733;734;
1382,2852,3438,0,null,null,1382;563;1735;
1383,2856,3443,0,null,null,1382;
1384,2852,3448,0,null,null,1383;
1385,2849,3452,0,null,null,1384;
1386,2846,3458,0,null,null,1385;
1387,2842,3464,0,null,null,1386;
1388,2846,3471,0,null,null,1387;
1389,2847,3478,0,null,null,1388;
1390,2850,3482,0,null,null,1389;
1391,2850,3488,0,null,null,1390;1393;
1392,2846,3490,0,null,null,1391;1393;
1393,2841,3494,0,null,null,1392;557;1391;
1394,2936,3450,0,Gate,Open,427;544;
1395,3230,3307,0,Farmer,Pickpocket,32;35;
1396,2800,2708,0,null,null,1397;
1397,2792,2708,0,null,null,1396;1398;
1398,2782,2710,0,null,null,1397;1399;
1399,2776,2712,0,null,null,1398;1400;
1400,2768,2716,0,null,null,1399;1401;
1401,2760,2718,0,null,null,1400;1402;
1402,2752,2717,0,null,null,1401;1403;
1403,2747,2722,0,null,null,1402;1404;
1404,2740,2724,0,null,null,1403;1405;
1405,2732,2725,0,null,null,1404;1406;
1406,2730,2734,0,null,null,1405;1407;
1407,2724,2743,0,null,null,1406;1408;
1408,2722,2749,0,null,null,1407;1409;
1409,2722,2760,0,null,null,1408;1410;
1410,2720,2768,0,null,null,1409;1411;
1411,2722,2775,0,null,null,1410;1412;
1412,2728,2779,0,null,null,1411;1413;
1413,2735,2782,0,null,null,1412;1414;
1414,2740,2786,0,null,null,1413;1415;
1415,2748,2784,0,null,null,1414;1416;1420;
1416,2754,2779,0,null,null,1415;1417;1420;
1417,2760,2780,0,null,null,1416;1418;1420;
1418,2766,2786,0,null,null,1417;1419;1420;
1419,2774,2785,0,null,null,1418;1421;1422;
1420,2758,2788,0,null,null,1415;1416;1417;1418;
1421,2782,2786,0,null,null,1419;1422;
1422,2781,2776,0,null,null,1421;1419;1423;
1423,2786,2770,0,null,null,1422;1424;
1424,2790,2766,0,null,null,1423;1425;
1425,2794,2759,0,null,null,1424;1426;
1426,2803,2755,0,null,null,1425;
1427,3297,3102,0,null,null,1428;1567;
1428,3301,3094,0,null,null,1427;1429;
1429,3306,3089,0,null,null,1428;1430;
1430,3315,3084,0,null,null,1429;1431;
1431,3327,3083,0,null,null,1430;1432;
1432,3336,3078,0,null,null,1431;1433;1487;
1433,3340,3069,0,null,null,1432;1434;1487;
1434,3344,3062,0,null,null,1433;1435;
1435,3342,3051,0,null,null,1434;1436;
1436,3340,3040,0,null,null,1435;1437;
1437,3338,3030,0,null,null,1436;1438;
1438,3344,3020,0,null,null,1437;1439;
1439,3348,3014,0,null,null,1438;1440;
1440,3351,3008,0,null,null,1439;1441;
1441,3360,3006,0,null,null,1440;1442;
1442,3361,2998,0,null,null,1441;
1443,3364,2986,0,null,null,1442;1444;
1444,3363,2974,0,null,null,1443;1445;1446;
1445,3356,2966,0,null,null,1444;1446;1447;
1446,3363,2963,0,null,null,1445;1444;1447;
1447,3352,2959,0,null,null,1446;1445;1448;
1448,3346,2956,0,null,null,1447;1449;
1449,3341,2948,0,null,null,1448;1450;
1450,3334,2942,0,null,null,1449;1451;
1451,3328,2939,0,null,null,1450;1452;
1452,3318,2936,0,null,null,1451;1453;
1453,3310,2932,0,null,null,1452;1454;
1454,3304,2932,0,null,null,1453;1455;
1455,3298,2930,0,null,null,1454;1456;
1456,3286,2929,0,null,null,1455;1457;
1457,3278,2924,0,null,null,1456;1458;1462;
1458,3269,2920,0,null,null,1457;1459;1462;
1459,3260,2918,0,null,null,1458;
1460,3248,2916,0,null,null,1459;
1461,3236,2914,0,null,null,1460;1521;
1462,3280,2918,0,null,null,1457;1458;1463;
1463,3282,2910,0,null,null,1462;1464;
1464,3282,2901,0,null,null,1463;1465;
1465,3284,2890,0,null,null,1464;1467;
1466,3300,2890,0,null,null,1467;1469;
1467,3292,2892,0,null,null,1466;1465;
1468,3312,2888,0,null,null,1469;1470;
1469,3306,2890,0,null,null,1468;1466;
1470,3321,2890,0,null,null,1468;1471;
1471,3330,2892,0,null,null,1470;1472;
1472,3340,2894,0,null,null,1471;1473;
1473,3346,2894,0,null,null,1472;1474;
1474,3354,2893,0,null,null,1473;1475;
1475,3364,2892,0,null,null,1474;1476;
1476,3372,2893,0,null,null,1475;1477;
1477,3382,2894,0,null,null,1476;
1478,3394,2896,0,null,null,1477;
1479,3402,2906,0,null,null,1478;1480;1481;
1480,3405,2911,0,null,null,1479;1481;
1481,3411,2914,0,null,null,1480;1479;1482;1519;
1482,3422,2914,0,null,null,1481;1519;
1483,3434,2910,0,null,null,1482;1484;
1484,3434,2901,0,null,null,1483;1485;
1485,3434,2891,0,null,null,1484;1486;
1486,3426,2891,0,Bank booth,Bank,1485;
1487,3346,3079,0,null,null,1432;1433;1488;
1488,3356,3080,0,null,null,1487;
1489,3368,3082,0,null,null,1488;1490;
1490,3378,3082,0,null,null,1489;1491;
1491,3390,3082,0,null,null,1490;1493;
1492,3402,3084,0,null,null,1491;1493;1495;
1493,3400,3088,0,null,null,1492;1491;1494;1495;
1494,3400,3096,0,null,null,1493;
1495,3406,3078,0,null,null,1492;1493;1496;
1496,3416,3080,0,null,null,1495;1497;
1497,3426,3080,0,null,null,1496;1498;1503;
1498,3433,3082,0,null,null,1497;1499;1503;
1499,3442,3085,0,null,null,1498;1500;
1500,3452,3086,0,null,null,1499;
1501,3464,3090,0,null,null,1500;1502;
1502,3474,3092,0,null,null,1501;
1503,3431,3077,0,null,null,1497;1498;1504;
1504,3431,3065,0,null,null,1503;1505;
1505,3430,3058,0,null,null,1504;1506;
1506,3428,3048,0,null,null,1505;1507;
1507,3426,3040,0,null,null,1506;1508;
1508,3424,3029,0,null,null,1507;1509;
1509,3418,3024,0,null,null,1508;1510;
1510,3414,3013,0,null,null,1509;1511;
1511,3418,3004,0,null,null,1510;
1512,3416,2992,0,null,null,1511;
1513,3418,2980,0,null,null,1512;1514;
1514,3416,2972,0,null,null,1513;1515;
1515,3416,2962,0,null,null,1514;1516;
1516,3416,2954,0,null,null,1515;1517;
1517,3415,2945,0,null,null,1516;
1518,3416,2932,0,null,null,1517;1519;
1519,3416,2924,0,null,null,1518;1481;1482;
1520,3224,2917,0,null,null,1521;1522;1528;
1521,3230,2916,0,null,null,1520;1461;1522;1528;
1522,3218,2916,0,null,null,1521;1520;1523;1528;
1523,3210,2915,0,null,null,1522;1524;
1524,3204,2914,0,null,null,1523;1525;
1525,3196,2912,0,null,null,1524;1526;
1526,3187,2912,0,null,null,1525;1527;
1527,3180,2914,0,null,null,1526;
1528,3226,2922,0,null,null,1520;1521;1522;1529;
1529,3226,2930,0,null,null,1528;1530;
1530,3224,2938,0,null,null,1529;1531;
1531,3216,2944,0,null,null,1530;1532;
1532,3210,2948,0,null,null,1531;1533;
1533,3203,2954,0,null,null,1532;1534;
1534,3197,2958,0,null,null,1533;1535;
1535,3186,2962,0,null,null,1534;1536;
1536,3182,2968,0,null,null,1535;1537;
1537,3178,2974,0,null,null,1536;1538;1548;
1538,3172,2981,0,null,null,1537;1539;1547;1548;
1539,3169,2986,0,null,null,1538;1547;
1540,3174,2998,0,null,null,1539;1541;1542;
1541,3173,3003,0,null,null,1540;1542;
1542,3170,3008,0,null,null,1541;1540;1543;
1543,3177,3016,0,null,null,1542;1544;
1544,3184,3023,0,null,null,1543;1545;1550;
1545,3180,3030,0,null,null,1544;1546;1550;
1546,3174,3039,0,null,null,1545;
1547,3163,2982,0,null,null,1538;1539;
1548,3182,2983,0,null,null,1537;1538;
1549,3194,3032,0,null,null,1550;1551;
1550,3188,3030,0,null,null,1549;1544;1545;
1551,3200,3035,0,null,null,1550;1549;1552;
1552,3202,3046,0,null,null,1551;1553;
1553,3206,3052,0,null,null,1552;1554;
1554,3214,3056,0,null,null,1553;1555;
1555,3217,3062,0,null,null,1554;1556;
1556,3222,3070,0,null,null,1555;1557;1574;
1557,3222,3079,0,null,null,1556;1558;1574;
1558,3222,3088,0,null,null,1557;1559;
1559,3220,3096,0,null,null,1558;1560;
1560,3226,3103,0,null,null,1559;
1561,3238,3108,0,null,null,1560;1562;
1562,3243,3112,0,null,null,1561;1563;
1563,3252,3111,0,null,null,1562;1564;
1564,3259,3108,0,null,null,1563;1565;
1565,3266,3101,0,null,null,1564;1566;1568;1569;
1566,3274,3102,0,null,null,1565;1567;1568;
1567,3286,3103,0,null,null,1566;1427;
1568,3270,3094,0,null,null,1565;1566;1569;
1569,3266,3090,0,null,null,1568;1565;1570;
1570,3258,3086,0,null,null,1569;1571;
1571,3252,3082,0,null,null,1570;1572;
1572,3242,3078,0,null,null,1571;1573;
1573,3234,3072,0,null,null,1572;1574;
1574,3228,3069,0,null,null,1573;1556;1557;
1575,2991,3693,0,null,null,1288;1576;
1576,2994,3700,0,null,null,1575;1577;
1577,2994,3708,0,null,null,1576;1578;
1578,3001,3716,0,null,null,1577;1580;
1579,3012,3725,0,null,null,1268;1269;1580;
1580,3006,3718,0,null,null,1579;1578;
1581,3009,3737,0,null,null,1268;1582;
1582,3010,3746,0,null,null,1581;1583;
1583,3018,3753,0,null,null,1582;
1584,3030,3756,0,null,null,1583;1585;
1585,3037,3762,0,null,null,1584;1586;
1586,3041,3769,0,null,null,1585;1587;
1587,3044,3777,0,null,null,1586;1588;
1588,3046,3782,0,null,null,1587;1360;
1589,2584,3296,0,null,null,632;1590;
1590,2578,3299,0,Paladin,Pickpocket,1589;
1591,2642,3266,0,null,null,621;1592;
1592,2638,3260,0,null,null,1591;1593;
1593,2632,3250,0,null,null,1592;1594;
1594,2628,3243,0,null,null,1593;751;752;753;
1595,2740,3490,0,null,null,572;573;1596;
1596,2742,3496,0,null,null,1595;1597;
1597,2742,3504,0,null,null,1596;1598;
1598,2742,3514,0,null,null,1597;1599;
1599,2742,3522,0,null,null,1598;1600;1742;
1600,2742,3530,0,null,null,1599;1601;1742;
1601,2737,3537,0,null,null,1600;1602;1742;
1602,2730,3541,0,null,null,1601;1603;
1603,2723,3542,0,null,null,1602;1604;
1604,2714,3544,0,null,null,1603;1605;
1605,2706,3544,0,null,null,1604;1606;
1606,2697,3542,0,null,null,1605;1607;
1607,2690,3546,0,null,null,1606;1608;
1608,2680,3546,0,null,null,1607;1609;
1609,2674,3550,0,null,null,1608;1610;
1610,2670,3557,0,null,null,1609;1611;
1611,2662,3558,0,null,null,1610;1612;
1612,2660,3566,0,null,null,1611;1613;
1613,2653,3575,0,null,null,1612;1614;
1614,2655,3582,0,null,null,1613;
1615,2653,3594,0,null,null,1614;1616;
1616,2654,3604,0,null,null,1615;1617;
1617,2660,3613,0,null,null,1616;1618;1619;
1618,2664,3618,0,null,null,1617;1619;
1619,2664,3624,0,null,null,1618;1617;1620;
1620,2667,3632,0,null,null,1619;1621;1637;
1621,2678,3631,0,null,null,1620;1622;
1622,2687,3628,0,null,null,1621;1623;
1623,2698,3626,0,null,null,1622;1624;
1624,2706,3627,0,null,null,1623;1625;1652;
1625,2706,3638,0,null,null,1624;1626;1652;
1626,2708,3644,0,null,null,1625;
1627,2712,3656,0,null,null,1626;1628;
1628,2715,3665,0,null,null,1627;1629;
1629,2714,3670,0,null,null,1628;1630;
1630,2713,3678,0,null,null,1629;1631;
1631,2714,3684,0,null,null,1630;1632;
1632,2716,3690,0,null,null,1631;1633;
1633,2716,3698,0,null,null,1632;1634;
1634,2712,3706,0,null,null,1633;1635;
1635,2711,3713,0,null,null,1634;1636;
1636,2706,3719,0,null,null,1635;
1637,2664,3640,0,null,null,1620;1638;
1638,2663,3649,0,null,null,1637;1639;
1639,2660,3656,0,null,null,1638;1640;1644;
1640,2654,3662,0,null,null,1639;1641;1644;
1641,2648,3667,0,null,null,1640;1642;
1642,2643,3676,0,null,null,1641;1643;
1643,2642,3684,0,null,null,1642;
1644,2666,3662,0,null,null,1639;1640;1645;
1645,2668,3671,0,null,null,1644;1646;
1646,2670,3680,0,null,null,1645;1647;
1647,2673,3688,0,null,null,1646;1648;
1648,2674,3700,0,null,null,1647;1649;
1649,2672,3710,0,null,null,1648;1650;
1650,2678,3718,0,null,null,1649;
1651,2718,3630,0,null,null,1652;1653;
1652,2713,3629,0,null,null,1651;1624;1625;1653;
1653,2721,3622,0,null,null,1652;1651;1654;
1654,2726,3616,0,null,null,1653;1655;
1655,2735,3618,0,null,null,1654;1656;
1656,2744,3624,0,null,null,1655;1657;
1657,2754,3626,0,null,null,1656;1658;
1658,2762,3631,0,null,null,1657;1659;
1659,2768,3637,0,null,null,1658;1660;
1660,2774,3640,0,null,null,1659;1661;
1661,2784,3638,0,null,null,1660;
1662,2461,3384,0,Gate,Open,675;1663;
1663,2460,3395,0,null,null,1662;1664;
1664,2460,3402,0,null,null,1663;1665;
1665,2460,3410,0,null,null,1664;1666;
1666,2460,3422,0,null,null,1665;1667;
1667,2462,3430,0,null,null,1666;1668;1700;
1668,2462,3440,0,null,null,1667;1669;1700;
1669,2466,3446,0,null,null,1668;1670;1676;1700;
1670,2466,3455,0,null,null,1669;1671;1676;
1671,2467,3465,0,null,null,1670;1672;
1672,2465,3472,0,null,null,1671;1673;
1673,2464,3482,0,null,null,1672;1674;
1674,2462,3488,0,null,null,1673;
1675,2454,3458,0,null,null,1676;1677;
1676,2461,3454,0,null,null,1675;1669;1670;1677;
1677,2452,3449,0,null,null,1676;1675;1678;
1678,2447,3444,0,null,null,1677;1679;
1679,2440,3436,0,null,null,1678;1680;1699;
1680,2440,3430,0,null,null,1679;1681;1699;
1681,2436,3423,0,null,null,1680;1699;
1682,2816,3182,0,Gate,Open,919;920;1683;
1683,2806,3184,0,null,null,1682;1684;
1684,2802,3178,0,null,null,1683;1686;1689;
1685,2787,3178,0,null,null,1686;1687;
1686,2794,3178,0,null,null,1685;1684;1689;
1687,2779,3180,0,null,null,1685;1688;
1688,2769,3182,0,null,null,1687;921;
1689,2801,3172,0,null,null,1684;1686;1690;
1690,2800,3165,0,null,null,1689;1691;
1691,2802,3158,0,null,null,1690;
1692,2635,3307,0,Gate,Open,626;627;
1693,3174,3430,0,Guard,Pickpocket,103;104;
1694,3268,3228,0,Gate,Pay-toll(10gp){coins=10,18;19;20;1695;
1695,3278,3224,0,null,null,333;334;1694;
1696,2664,3296,0,Fur stall,Steal-from,615;616;617;618;1697;
1697,2668,3302,0,Gem stall,Steal-from,614;615;616;617;1223;1696;
1698,2930,3536,0,Turael,Get-task,534;
1699,2434,3426,0,Nieve,Get-task,1679;1680;1681;
1700,2468,3435,0,null,null,1667;1668;1669;
1701,2502,3191,0,null,null,804;
1702,2512,3190,0,null,null,1701;
1703,2521,3187,0,null,null,1702;
1704,2532,3184,0,null,null,1703;
1705,2524,3180,0,null,null,1704;
1706,2534,3176,0,null,null,1705;
1707,2546,3174,0,null,null,1706;
1708,2550,3168,0,null,null,1707;
1709,2544,3162,0,null,null,1708;
1710,2549,3154,0,null,null,1709;
1711,2548,3144,0,null,null,1710;
1712,2544,3154,0,null,null,1711;
1713,2536,3155,0,null,null,1712;1714;
1714,2528,3155,0,null,null,1715;1713;
1715,2515,3158,0,null,null,
1716,2538,3091,0,Door,Open,796;1717;
1717,2532,3091,0,Door,Open,1716;1718;
1718,2524,3092,0,null,null,1717;1719;
1719,2514,3096,0,null,null,1718;844;
1720,2606,3218,0,Door,Open,738;739;756;
1721,2601,3310,0,Furnace,Smelt,633;1374;1375;1376;
1722,2658,3438,0,Gate,Open|ranged=40,591;593;594;
1723,3140,3515,0,Underwall tunnel,Squeeze,159;160;
1724,3146,3512,0,null,null,1723;
1725,3152,3507,0,null,null,1724;
1726,3155,3502,0,null,null,1725;1727;
1727,3160,3494,0,null,null,1726;1214;1215;
1728,3242,3160,0,null,null,301;302;303;312;1729;
1729,3244,3156,0,Fishing spot,Net/Bait,1728;302;312;
1730,3090,3236,0,null,null,277;1227;1731;1732;
1731,3087,3233,0,Willow tree,Chop-down,1730;277;1227;1732;
1732,3084,3232,0,Fishing spot,Net/Bait,1731;1730;
1733,3275,3152,0,null,null,365;366;367;1734;
1734,3268,3146,0,Fishing spot,Net/Bait,1733;
1735,2844,3431,0,Fishing spot,Net/Bait;Cage/Harpoon;Net/Harpoon,562;563;1382;
1736,2584,3420,0,Bank booth,Bank,1737;
1737,2592,3415,0,null,null,1736;1738;
1738,2598,3420,0,null,null,1737;1739;
1739,2602,3422,0,Fishing spot,Cage/Harpoon;Net/Harpoon,1738;
1740,2528,3414,0,Fishing spot,Lure/Bait,679;
1741,2728,3525,0,Fishing spot,Lure/Bait,1742;
1742,2736,3528,0,null,null,1741;1599;1600;1601;
1743,3109,3432,0,Fishing spot,Lure/Bait,176;
1744,3240,3252,0,Fishing spot,Lure/Bait,23;24;25;
1745,2925,3180,0,Fishing spot,Cage/Harpoon,1746;
1746,2924,3172,0,null,null,1745;1747;
1747,2922,3165,0,null,null,1746;1748;
1748,2920,3159,0,null,null,1747;906;907;
1749,2308,3702,0,Fishing spot,Harpoon/Net,1750;
1750,2318,3698,0,null,null,1749;1751;
1751,2329,3696,0,null,null,1750;1752;
1752,2330,3688,0,Bank booth,Bank,1751;
1753,2876,3338,0,Fishing spot,Lure/Bait,1143;1144;
1754,2844,3361,0,Fishing spot,Net/Bait,1134;
1755,2725,3504,0,Maple tree,Chop-down,1220;
1756,2710,3462,0,Yew tree,Chop-down,1757;
1757,2718,3462,0,null,null,1756;1758;
1758,2724,3472,0,null,null,1757;582;
1759,2781,3430,0,Willow tree,Chop-down,565;
1760,3154,3460,0,Tree,Chop-down,149;150;151;
1761,3166,3416,0,Oak tree,Chop-down,93;94;104;184;185;
1762,3280,3428,0,Oak tree,Chop-down,119;120;377;1209;
1763,3230,3243,0,Willow tree,Chop-down,6;7;
1764,3186,3227,0,Yew tree,Chop-down,251;252;253;
1765,3164,3272,0,Willow tree,Chop-down,1766;1767;
1766,3168,3276,0,null,null,1765;275;276;
1767,3167,3262,0,null,null,1765;1768;
1768,3174,3262,0,null,null,1767;263;264;265;
1769,3060,3253,0,Willow tree,Chop-down,1770;
1770,3062,3262,0,null,null,1769;1771;
1771,3062,3272,0,null,null,1770;228;229;
1772,3049,3272,0,Yew tree,Chop-down,1771;227;228;
1773,2999,3314,0,Yew tree,Chop-down,219;220;221;451;452;
